pfgw-OR: 0.29349641178684477, p=0.0
pfgw-LOR: 0.7867429018763078, p=0.0
OR-LOR: 0.4689999206145978, p=0.0
