CDS-length: (0.073205322842775, 0.0012202798232277688)
CDS-log_freq: (0.06852791323445485, 0.0024703274711228664)
CDS-conc: (0.05186826774219855, 0.022025623555686952)
CDS-val: (0.1356450740646414, 1.8284883913556124e-09)
CS-length: (-0.03271874875466669, 0.22754418420560554)
CS-log_freq: (0.13436414399311752, 6.465167391806697e-07)
CS-conc: (0.08250722325136055, 0.0023086595151604996)
CS-val: (0.14188064832931796, 1.456641217649726e-07)
